package.json
  s_28aa16f7cf041a::t_44c2f3c323f8b9 152-154,156
pnpm-lock.yaml
  s_28aa16f7cf041a::t_1e96450ca21cc5 35-36,38,208,274,407,525,561,622,682,813,993,1061,1382,5041,5465,5468,5470,5474,5477,5480,5482,5486-5497,5500,5503,5509,5512,5518,5521,5525,5528,5531,5535,5538,5541,5545,5548,5551,5555,5558,5561,5565,5568,5571,5575,5578,5581,5585,5588,5591,5595,5598,5601,5603,5606,5608,5611,5614,5616,5619,5621,5624,5627,5629,5632,5634,5637,5640,5642,5645,5647,5650,5653,5655,5658,5660,5663,5666,5668,5671,5673,5676,5679,5681,5684,5686,5689,5692,5694,5697,5699,5702,5705,5707,5712-5723,5726,5728,5733,5736,5738,5743,5746,5748,6695,6706,6717,6728,11496,11536,11684,12040,16083,16086,21765-21812,21840,21853,21856,21858,22823,24703-24747,24750,24752-24757,24760,24764-24789,26219
---
{
  "schema_version": "authorship/3.0.0",
  "git_ai_version": "1.6.16",
  "base_commit_sha": "8167cc3e3a45b1e17a463ea2132b6f47aba521f2",
  "prompts": {},
  "sessions": {
    "s_28aa16f7cf041a": {
      "agent_id": {
        "tool": "cursor",
        "id": "66832d43-c819-474f-806c-bd9a95920720",
        "model": "default"
      },
      "human_author": "iDorgham <yasser.dorgham@gmail.com>"
    }
  }
}